6000 10
1 2
2 3 
3 4
4 1
3 5
5 6
6 7
7 5
8 7
8 9
9 10
10 11
11 12
12 13
13 14
14 15
15 16
16 17
17 18
18 19
20 21
21 22
22 23
22 34
33 35
44 55
66 77
22 33
55 56 
55 67
66 65
55 66
65 35
48 30
31 48
36 27
18 83
100 90
64 32
16 83
4 58
88 22
97 92
8 40
74 28
44 46
86 27
70 29
98 32
41 41
92 23
47 87
32 40
34 20
75 76
82 95
70 53
86 42
4 29
84 91
67 96
89 34
89 68
92 20
78 22
37 98
56 34
33 71
62 39
15 49
78 66
94 44
29 71
31 29
19 2
67 80
10 55
92 38
75 17
27 14
90 52
9 93
86 49
17 3
57 91
57 61
13 5
43 72
30 7
39 47
92 35
28 29
100 33
49 47
2 37
36 32
3 86
47 2
65 78
96 46
48 39
67 85
71 49
12 26
98 37
80 23
37 50
23 8
1 58
1 35
94 88
79 86
78 86
8 53
44 81
32 48
76 61
39 13
81 83
96 65
11 88
65 42
33 49
9 83
46 59
52 35
78 68
97 46
35 77
73 56
6 11
45 25
93 95
3 62
20 100
25 13
96 39
66 60
35 89
6 41
16 39
77 65
48 98
92 93
50 88
52 16
63 9
61 26
3 93
40 42
29 55
69 81
9 18
42 38
63 81
86 33
16 10
94 58
25 70
89 80
31 21
17 45
20 51
1 99
25 2
64 61
33 7
55 84
84 52
93 87
97 55
40 29
96 40
11 30
3 55
61 75
80 77
25 8
22 18
5 87
96 92
87 42
8 27
48 46
73 6
93 66
31 67
19 6
85 89
15 77
24 36
36 48
98 89
21 99
40 11
92 93
76 51
77 95
9 70
63 92
79 84
2 51
45 26
38 1
41 68
87 92
68 52
61 48
31 4
69 57
7 77
14 24
87 97
22 72
70 72
56 18
15 83
21 6
62 99
65 86
36 39
69 39
12 50
36 4
87 37
36 46
87 66
25 13
21 89
4 99
81 23
79 78
60 31
57 65
11 30
38 36
87 22
25 24
12 65
34 71
74 5
2 54
49 49
39 9
8 81
12 72
94 22
57 55
89 1
71 80
38 4
8 90
17 29
73 14
40 17
12 21
7 68
63 2
40 95
51 3
24 65
28 71
38 24
54 4
44 64
85 42
53 33
28 97
80 49
97 77
3 44
21 30
71 97
38 43
18 5
41 61
7 47
98 97
52 23
74 11
94 5
27 4
